68014 0.078452146 1489004598.482565165
68015 0.065739560 1489004598.529888800
68016 0.084738798 1489004598.588713371
68017 0.078942157 1489004598.632937008
68018 0.068744128 1489004598.682802586
68019 0.083732965 1489004598.737612207
68020 0.080868892 1489004598.784741226
68021 0.079998592 1489004598.833888084
68022 0.064362393 1489004598.878228460
68023 0.072823536 1489004598.926690648
68024 0.073356184 1489004598.977300635
68025 0.061950585 1489004599.026031884
68026 0.071834181 1489004599.075805326
68027 0.070008656 1489004599.123952104
68028 0.062025169 1489004599.176045280
68029 0.075616327 1489004599.229970133
68030 0.070635171 1489004599.274904291
68031 0.076098565 1489004599.329934440
68032 0.074522524 1489004599.388414279
68033 0.081001834 1489004599.435064745
68034 0.086914494 1489004599.490756552
68035 0.078449077 1489004599.542338467
68036 0.084298766 1489004599.608131647
68037 0.094666255 1489004599.678938525
68038 0.076205324 1489004599.720301019
68039 0.069879691 1489004599.763916557
68040 0.069817087 1489004599.813839146
68041 0.064365553 1489004599.858461314
68042 0.073942262 1489004599.917753985
68043 0.080885854 1489004599.974745286
68044 0.083450416 1489004600.027628273
68045 0.072732014 1489004600.066792175
68046 0.070994700 1489004600.115030630
68047 0.071518539 1489004600.165564677
68048 0.067580438 1489004600.211601406
68049 0.066241176 1489004600.260104475
68050 0.065673358 1489004600.309621309
68051 0.063834800 1489004600.357723572
68052 0.064394819 1489004600.408666253
68053 0.063936356 1489004600.458227620
68054 0.067975491 1489004600.511787076
68055 0.063476860 1489004600.557309354
68056 0.066067159 1489004600.609912756
68057 0.073342357 1489004600.667148982
68058 0.073188350 1489004600.717048162
68059 0.072240703 1489004600.766113932
68060 0.070671028 1489004600.814506609
68061 0.065103587 1489004600.859017616
68062 0.063520094 1489004600.907578705
68063 0.065233377 1489004600.959210812
68064 0.075689916 1489004601.019919639
68065 0.139066631 1489004601.132896009
68066 0.156332738 1489004601.270193239
68067 0.075012038 1489004601.329427494
68068 0.101133593 1489004601.405314396
68069 0.076220281 1489004601.450036675
68070 0.074152032 1489004601.498336629
68071 0.071370417 1489004601.545505979
68072 0.069145676 1489004601.593239567
68073 0.074219026 1489004601.648228579
68074 0.077701113 1489004601.701902740
68075 0.075137328 1489004601.749290564
68076 0.083562402 1489004601.817478738
68077 0.067280045 1489004601.861139744
68078 0.066772905 1489004601.910946113
68079 0.071896847 1489004601.965753589
68080 0.067750719 1489004602.011720210
68081 0.068137482 1489004602.062023619
68082 0.069930186 1489004602.113767642
68083 0.095437665 1489004602.189300318
68084 0.082231723 1489004602.236108833
68085 0.087085288 1489004602.291198040
68086 0.075103369 1489004602.338982712
68087 0.072849641 1489004602.376757168
68088 0.072648898 1489004602.426642248
68089 0.075885892 1489004602.489774125
68090 0.087341814 1489004602.541250455
68091 0.088023792 1489004602.591884374
68092 0.075991084 1489004602.629886701
68093 0.062013341 1489004602.675873632
68094 0.072319919 1489004602.726185231
68095 0.072937862 1489004602.776842282
68096 0.063468387 1489004602.827340180
68097 0.075716287 1489004602.879556173
68098 0.082914671 1489004602.937225329
68099 0.070414491 1489004602.984840788
68100 0.077093730 1489004603.031275047
68101 0.077817599 1489004603.081745444
68102 0.082952684 1489004603.136812687
68103 0.064137585 1489004603.178049071
68104 0.073872575 1489004603.227941789
68105 0.073842336 1489004603.277718211
68106 0.072058757 1489004603.335903223
68107 0.072930704 1489004603.376847834
68108 0.072896675 1489004603.426807802
68109 0.079006961 1489004603.492994948
68110 0.069279298 1489004603.543336734
68111 0.081815566 1489004603.605809273
68112 0.080952729 1489004603.655063726
68113 0.065826554 1489004603.699710438
68114 0.072008886 1489004603.745991152
68115 0.074287839 1489004603.798181236
68116 0.071869863 1489004603.845767563
68117 0.073007377 1489004603.896890133
68118 0.071605143 1489004603.945430106
68119 0.071933386 1489004603.995773128
68120 0.071759668 1489004604.045558644
68121 0.070680781 1489004604.094511459
68122 0.070864093 1489004604.145123122
68123 0.070749664 1489004604.194839990
68124 0.072398070 1489004604.246659255
68125 0.072040221 1489004604.296406925
68126 0.059198946 1489004604.343106026
68127 0.070574349 1489004604.394439449
68128 0.070166481 1489004604.444054977
68129 0.089144016 1489004604.512978789
68130 0.085726153 1489004604.559572030
68131 0.084067743 1489004604.607916321
68132 0.083959909 1489004604.667804998
68133 0.069179777 1489004604.713042463
68134 0.068579228 1489004604.762434770
68135 0.073619517 1489004604.817468590
68136 0.068114448 1489004604.862196597
68137 0.067141238 1489004604.911208268
68138 0.076317817 1489004604.970191569
68139 0.077253880 1489004605.021072137
68140 0.069830831 1489004605.064098842
68141 0.066954854 1489004605.111001389
68142 0.067953673 1489004605.161867989
68143 0.069736086 1489004605.213843896
68144 0.068359187 1489004605.262343179
68145 0.100396339 1489004605.344681676
68146 0.072157984 1489004605.395996674
68147 0.079150310 1489004605.452986536
68148 0.076306580 1489004605.510266908
68149 0.098232152 1489004605.572127809
68150 0.080018228 1489004605.624186583
68151 0.070684585 1489004605.664997410
68152 0.069902560 1489004605.713758632
68153 0.069646624 1489004605.763492476
68154 0.072402703 1489004605.816234205
68155 0.069326350 1489004605.863180765
68156 0.074922287 1489004605.918775794
68157 0.079521701 1489004605.973451328
68158 0.085300804 1489004606.029138155
68159 0.088959339 1489004606.083229540
68160 0.119176095 1489004606.183722450
68161 0.067754589 1489004606.231714031
68162 0.068236786 1489004606.282377228
68163 0.067801288 1489004606.331672952
68164 0.066644752 1489004606.380741612
68165 0.066254179 1489004606.430124379
68166 0.064548717 1489004606.478325717
68167 0.064292607 1489004606.528148015
68168 0.064889440 1489004606.578765017
68169 0.067835411 1489004606.631880080
68170 0.074201230 1489004606.688029006
68171 0.063341172 1489004606.727292428
68172 0.065820128 1489004606.779686214
68173 0.064159913 1489004606.827996418
68174 0.062927542 1489004606.876786599
68175 0.063879119 1489004606.927896910
68176 0.073450893 1489004606.987337388
68177 0.067224281 1489004607.031067861
68178 0.065885950 1489004607.079746238
68179 0.063299794 1489004607.127474582
68180 0.067220516 1489004607.181044149
68181 0.064184913 1489004607.228052671
68182 0.063531435 1489004607.277420162
68183 0.069057298 1489004607.333170138
68184 0.064944008 1489004607.378991197
68185 0.065837070 1489004607.430075941
68186 0.063954061 1489004607.477976103
68187 0.072357231 1489004607.536154322
68188 0.069955987 1489004607.583840649
68189 0.069006720 1489004607.633002572
68190 0.073570392 1489004607.687433089
68191 0.069418466 1489004607.733350697
68192 0.068435601 1489004607.782291454
68193 0.065806607 1489004607.830053102
68194 0.064506211 1489004607.878646225
68195 0.065446387 1489004607.929296589
68196 0.065222012 1489004607.979084198
68197 0.082877105 1489004608.047001183
68198 0.072752492 1489004608.096858959
68199 0.078585014 1489004608.152497396
68200 0.082352469 1489004608.206190157
68201 0.064096578 1489004608.247906796
68202 0.087807388 1489004608.312057900
68203 0.081613323 1489004608.355906448
68204 0.069546770 1489004608.403446820
68205 0.078217393 1489004608.452089282
68206 0.076851498 1489004608.500720093
68207 0.064074846 1489004608.547941785
68208 0.072025331 1489004608.596038241
68209 0.073274512 1489004608.647282847
68210 0.079255579 1489004608.703381428
68211 0.062897703 1489004608.746933450
68212 0.075492269 1489004608.799318663
68213 0.073431122 1489004608.847555377
68214 0.063008903 1489004608.896958673
68215 0.073610400 1489004608.947554136
68216 0.073093454 1489004608.997367389
68217 0.065163210 1489004609.049381936
68218 0.074789357 1489004609.098688761
68219 0.076560113 1489004609.150484179
68220 0.078218501 1489004609.202326060
68221 0.069487698 1489004609.253355256
68222 0.087765576 1489004609.311605692
68223 0.085702369 1489004609.359565507
68224 0.077661813 1489004609.411823777
68225 0.085938851 1489004609.459994656
68226 0.073968122 1489004609.507896371
68227 0.072527231 1489004609.556570301
68228 0.078127660 1489004609.602341815
68229 0.075979516 1489004609.650222682
68230 0.079184456 1489004609.703207888
68231 0.065362910 1489004609.749334615
68232 0.076179583 1489004609.800012599
68233 0.062756237 1489004609.846993796
68234 0.073599470 1489004609.907467284
68235 0.080887295 1489004609.954741389
68236 0.087501861 1489004610.011514671
68237 0.087669554 1489004610.071747806
68238 0.083319101 1489004610.127149411
68239 0.070315571 1489004610.164173132
68240 0.073810019 1489004610.218180253
68241 0.059967403 1489004610.263847565
68242 0.069823301 1489004610.313704420
68243 0.069968881 1489004610.363896382
68244 0.059831537 1489004610.414092352
68245 0.070065538 1489004610.464298472
68246 0.070177615 1489004610.514031900
68247 0.059631103 1489004610.563604727
68248 0.070260882 1489004610.614139489
68249 0.070066933 1489004610.663911986
68250 0.076710578 1489004610.720850675
68251 0.066374836 1489004610.770213774
68252 0.073501313 1489004610.817366648
68253 0.079073487 1489004610.872930774
68254 0.070217123 1489004610.914069730
68255 0.070797530 1489004610.964750355
68256 0.068800153 1489004611.012673346
68257 0.082088475 1489004611.075941366
68258 0.082160496 1489004611.125984132
68259 0.078457056 1489004611.172513535
68260 0.081534712 1489004611.225710645
68261 0.065866764 1489004611.269715406
68262 0.073428357 1489004611.317359478
68263 0.084251732 1489004611.378204492
68264 0.060378508 1489004611.414264761
68265 0.077443225 1489004611.471281901
68266 0.070395216 1489004611.514591946
68267 0.075288268 1489004611.579384965
68268 0.071539214 1489004611.615377970
68269 0.070732840 1489004611.664577966
68270 0.074220871 1489004611.718068053
68271 0.061397492 1489004611.765427907
68272 0.074242651 1489004611.818323401
68273 0.070579586 1489004611.864572624
68274 0.060711070 1489004611.914997655
68275 0.073462237 1489004611.967710570
68276 0.070982468 1489004612.015055699
68277 0.063031930 1489004612.067061144
68278 0.072216981 1489004612.116273171
68279 0.072232791 1489004612.166182405
68280 0.076114611 1489004612.220103923
68281 0.062968310 1489004612.266815447
68282 0.071695995 1489004612.315698919
68283 0.071265175 1489004612.365139622
68284 0.068398050 1489004612.422307392
68285 0.086016271 1489004612.479888123
68286 0.074631316 1489004612.518482905
68287 0.080187080 1489004612.584056405
68288 0.068934212 1489004612.632853662
68289 0.074815964 1489004612.689125171
68290 0.077174916 1489004612.741392719
68291 0.087918043 1489004612.801772614
68292 0.067091011 1489004612.850942255
68293 0.085576858 1489004612.919459594
68294 0.064029128 1489004612.967878834
68295 0.073066035 1489004613.016906195
68296 0.077984331 1489004613.071812939
68297 0.066203455 1489004613.120340310
68298 0.073625668 1489004613.167793795
68299 0.073802959 1489004613.217647825
68300 0.061898808 1489004613.265726258
68301 0.071908203 1489004613.315763877
68302 0.071021182 1489004613.365306255
68303 0.061794064 1489004613.416143055
68304 0.079150493 1489004613.472984971
68305 0.071642758 1489004613.515499818
68306 0.078099754 1489004613.572185857
68307 0.067121721 1489004613.621496767
68308 0.085400556 1489004613.679417700
68309 0.080160219 1489004613.724042895
68310 0.067498902 1489004613.771596665
68311 0.076343859 1489004613.820521903
68312 0.071314047 1489004613.865267382
68313 0.075039532 1489004613.929099820
68314 0.071888417 1489004613.965994812
68315 0.071171616 1489004614.015464957
68316 0.074694401 1489004614.068968219
68317 0.065148060 1489004614.119249742
68318 0.079549760 1489004614.173680813
68319 0.065010760 1489004614.218989868
68320 0.062018085 1489004614.265929698
68321 0.083075078 1489004614.326939400
68322 0.080354081 1489004614.374219860
68323 0.081584752 1489004614.425661722
68324 0.063536212 1489004614.467401992
68325 0.073357539 1489004614.517201394
68326 0.079188364 1489004614.573077656
68327 0.062225041 1489004614.616098153
68328 0.072396510 1489004614.666444011
68329 0.073450567 1489004614.717276422
68330 0.079572831 1489004614.783449199
68331 0.080210002 1489004614.844096071
68332 0.077159497 1489004614.890989052
68333 0.070648547 1489004614.934491758
68334 0.069008542 1489004614.982861984
68335 0.069397336 1489004615.033323156
68336 0.073245369 1489004615.087083500
68337 0.069053042 1489004615.133235509
68338 0.071880744 1489004615.185697592
68339 0.073120208 1489004615.237292590
68340 0.069792618 1489004615.284003198
68341 0.069948936 1489004615.334340485
68342 0.071080374 1489004615.385281513
68343 0.071212443 1489004615.435469428
68344 0.080604867 1489004615.494523490
68345 0.078065371 1489004615.542155055
68346 0.071008557 1489004615.585102062
68347 0.069624224 1489004615.633697798
68348 0.069908546 1489004615.683758609
68349 0.073285851 1489004615.737220580
68350 0.073052198 1489004615.787203129
68351 0.070385780 1489004615.834233638
68352 0.069403474 1489004615.883536158
68353 0.068441358 1489004615.932900907
68354 0.073061123 1489004615.986987389
68355 0.069722927 1489004616.033584505
68356 0.069564731 1489004616.083416510
68357 0.069459128 1489004616.133303778
68358 0.070059385 1489004616.183918934
68359 0.075477370 1489004616.239341955
68360 0.061583839 1489004616.285419331
68361 0.072260298 1489004616.336106669
68362 0.069036843 1489004616.383004048
68363 0.071074590 1489004616.434947115
68364 0.071191750 1489004616.485081897
68365 0.086087629 1489004616.549928033
68366 0.060927979 1489004616.585114163
68367 0.076168288 1489004616.640447963
68368 0.090910313 1489004616.705041574
68369 0.072475362 1489004616.756322239
68370 0.068114667 1489004616.802540285
68371 0.065582554 1489004616.849730404
68372 0.068892260 1489004616.902971886
68373 0.066922209 1489004616.950776175
68374 0.066402036 1489004617.000249027
68375 0.066713821 1489004617.050529528
68376 0.073137182 1489004617.116998578
68377 0.072823063 1489004617.167160624
68378 0.077568344 1489004617.221756553
68379 0.066242497 1489004617.270498184
68380 0.084378983 1489004617.328525186
68381 0.085015274 1489004617.378956348
68382 0.083668989 1489004617.428042784
68383 0.068129592 1489004617.472328213
68384 0.079532947 1489004617.523602589
68385 0.083090849 1489004617.576969707
68386 0.069236346 1489004617.623080748
68387 0.089392013 1489004617.693238146
68388 0.072865581 1489004617.737244156
68389 0.065500528 1489004617.789423589
68390 0.081583749 1489004617.845618918
68391 0.074530361 1489004617.888619097
68392 0.063736311 1489004617.937590825
68393 0.087790495 1489004618.001961052
68394 0.084878818 1489004618.048722716
68395 0.088055395 1489004618.101914765
68396 0.067977974 1489004618.142310942
68397 0.074758792 1489004618.188911807
68398 0.070566349 1489004618.234568934
68399 0.069922143 1489004618.293820653
68400 0.085363182 1489004618.349249828
68401 0.080037946 1489004618.394378185
68402 0.066148215 1489004618.440029607
68403 0.085130134 1489004618.499258133
68404 0.083446150 1489004618.547240192
68405 0.075955373 1489004618.590063587
68406 0.061822907 1489004618.635815517
68407 0.074612469 1489004618.688752562
68408 0.070761567 1489004618.734619388
68409 0.060790346 1489004618.784739079
68410 0.071293607 1489004618.835152450
68411 0.071164555 1489004618.885028370
68412 0.060991051 1489004618.935032852
68413 0.071195639 1489004618.985199905
68414 0.071745936 1489004619.035601122
68415 0.078090351 1489004619.091938962
68416 0.063202131 1489004619.137190195
68417 0.072939792 1489004619.186740230
68418 0.071986180 1489004619.236290489
68419 0.067360630 1489004619.291447523
68420 0.079995204 1489004619.343914673
68421 0.086449158 1489004619.400385159
68422 0.078133252 1489004619.451960308
68423 0.082335284 1489004619.496558221
68424 0.080307985 1489004619.544457290
68425 0.089629618 1489004619.603497074
68426 0.061753126 1489004619.635591682
68427 0.070837975 1489004619.684948285
68428 0.072009052 1489004619.736072212
68429 0.060839572 1489004619.785146050
68430 0.072273742 1489004619.836379955
68431 0.071139514 1489004619.884972737
68432 0.060918283 1489004619.934789903
68433 0.073082084 1489004619.986898963
68434 0.072791141 1489004620.036594633
68435 0.075582172 1489004620.089401987
68436 0.062499411 1489004620.136335596
68437 0.082591196 1489004620.196418638
68438 0.081039103 1489004620.244970282
68439 0.068765734 1489004620.293061677
68440 0.073028160 1489004620.336817989
68441 0.071810874 1489004620.385629884
68442 0.065420134 1489004620.439441614
68443 0.078514126 1489004620.492765496
68444 0.072697923 1489004620.536662038
68445 0.076488852 1489004620.590419129
68446 0.061603986 1489004620.635616113
68447 0.071410109 1489004620.685678818
68448 0.072076856 1489004620.736178227
68449 0.061859798 1489004620.785878810
68450 0.072134833 1489004620.835934653
68451 0.084079820 1489004620.898114690
68452 0.061675484 1489004620.935974741
68453 0.071832303 1489004620.986313969
68454 0.072990845 1489004621.037000068
68455 0.079235344 1489004621.093108790
68456 0.062765951 1489004621.136640480
68457 0.071170075 1489004621.185404349
68458 0.070579455 1489004621.234708664
68459 0.061147793 1489004621.285170584
68460 0.079623533 1489004621.343491798
68461 0.077726513 1489004621.391602422
68462 0.075910430 1489004621.449986213
68463 0.088092564 1489004621.501968911
68464 0.083878982 1489004621.547727249
68465 0.082696243 1489004621.596539345
68466 0.081152570 1489004621.655039121
68467 0.069333393 1489004621.703157831
68468 0.072052205 1489004621.755864334
68469 0.068303501 1489004621.802208065
68470 0.069212349 1489004621.853035041
68471 0.075099325 1489004621.909318057
68472 0.069254833 1489004621.953392770
68473 0.069389666 1489004622.003363799
68474 0.069140897 1489004622.052989413
68475 0.058807504 1489004622.103002587
68476 0.069287762 1489004622.153134387
68477 0.069536282 1489004622.203518951
68478 0.072229504 1489004622.256232790
68479 0.068766970 1489004622.302859896
68480 0.068964928 1489004622.352973881
68481 0.070731969 1489004622.404694450
68482 0.071201639 1489004622.455040988
68483 0.084504549 1489004622.518348746
68484 0.065776652 1489004622.569747944
68485 0.065916317 1489004622.620020117
68486 0.066318269 1489004622.670451829
68487 0.065917898 1489004622.719958579
68488 0.074619049 1489004622.778575781
68489 0.068278687 1489004622.822604974
68490 0.068336121 1489004622.872538427
68491 0.069925595 1489004622.924012842
68492 0.066905058 1489004622.970781217
68493 0.066347666 1489004623.020205747
68494 0.066518477 1489004623.070349901
68495 0.066050780 1489004623.120396909
68496 0.066410738 1489004623.170258623
68497 0.068049362 1489004623.222153790
